-0.000000 -0.000000 0.000000 0 0 0 0 0 0 0
0.000000 0.000000 -0.000000 0 0 0 0 0 0 1
-0.000000 0.000000 0.000000 0 0 0 0 0 1 0
-0.000000 0.000000 0.000000 0 0 0 0 0 1 1
0.000000 -0.000000 -0.000000 0 0 0 0 1 0 0
0.000000 -0.000000 -0.000000 0 0 0 0 1 0 1
0.000000 0.000000 0.000000 0 0 0 0 1 1 0
-0.000000 -0.000000 -0.000000 0 0 0 0 1 1 1
-0.000000 0.000000 0.000000 0 1 0 0 0 0 0
-0.000000 0.000000 0.000000 0 1 0 0 0 0 1
-0.000000 0.000000 0.000000 0 1 0 0 0 1 0
-0.000000 0.000000 0.000000 0 1 0 0 0 1 1
0.000000 -0.000000 -0.000000 0 1 0 0 1 0 0
-0.000000 -0.000000 -0.000000 0 1 0 0 1 0 1
0.000000 0.000000 0.000000 0 1 0 0 1 1 0
0.000000 -0.000000 -0.000000 0 1 0 0 1 1 1
-0.000000 -0.000000 0.000000 0 0 0 1 0 0 0
0.000000 0.000000 -0.000000 0 0 0 1 0 0 1
0.000000 -0.000000 -0.000000 0 0 0 1 0 1 0
0.000000 -0.000000 -0.000000 0 0 0 1 0 1 1
0.000000 -0.000000 -0.000000 0 0 0 1 1 0 0
0.000000 -0.000000 -0.000000 0 0 0 1 1 0 1
-0.000000 -0.000000 -0.000000 0 0 0 1 1 1 0
-0.000000 -0.000000 -0.000000 0 0 0 1 1 1 1
-0.000000 0.000000 0.000000 0 1 0 1 0 0 0
0.000000 -0.000000 -0.000000 0 1 0 1 0 0 1
0.000000 -0.000000 -0.000000 0 1 0 1 0 1 0
0.000000 -0.000000 -0.000000 0 1 0 1 0 1 1
-0.000000 0.000000 0.000000 0 1 0 1 1 0 0
0.000000 -0.000000 -0.000000 0 1 0 1 1 0 1
0.000000 0.000000 0.000000 0 1 0 1 1 1 0
0.000000 0.000000 0.000000 0 1 0 1 1 1 1
-0.000000 -0.000000 0.000000 0 0 1 0 0 0 0
0.000000 0.000000 -0.000000 0 0 1 0 0 0 1
-0.000000 0.000000 0.000000 0 0 1 0 0 1 0
0.000068 0.000007 -0.000006 0 0 1 0 0 1 1
0.000963 0.000568 -0.000041 0 0 1 0 1 0 0
0.001950 0.001224 -0.000079 0 0 1 0 1 0 1
0.000634 -0.001595 -0.000170 0 0 1 0 1 1 0
0.001095 -0.002318 -0.000262 0 0 1 0 1 1 1
-0.000000 0.000000 0.000000 0 1 1 0 0 0 0
-0.000000 0.000000 0.000000 0 1 1 0 0 0 1
-0.000000 0.000000 0.000000 0 1 1 0 0 1 0
0.000065 -0.000114 -0.000005 0 1 1 0 0 1 1
0.000948 -0.000243 -0.000041 0 1 1 0 1 0 0
0.001935 -0.000267 -0.000078 0 1 1 0 1 0 1
0.000634 -0.006151 -0.000170 0 1 1 0 1 1 0
0.001095 -0.009290 -0.000262 0 1 1 0 1 1 1
-0.000000 -0.000000 0.000000 0 0 1 1 0 0 0
0.000000 0.000000 -0.000000 0 0 1 1 0 0 1
0.000653 0.000256 -0.000041 0 0 1 1 0 1 0
0.001034 0.000456 -0.000062 0 0 1 1 0 1 1
0.006839 0.005266 -0.000207 0 0 1 1 1 0 0
0.008309 0.006541 -0.000241 0 0 1 1 1 0 1
0.002295 -0.002673 -0.000396 0 0 1 1 1 1 0
0.002902 -0.002547 -0.000442 0 0 1 1 1 1 1
-0.000000 0.000000 0.000000 0 1 1 1 0 0 0
0.000000 -0.000000 -0.000000 0 1 1 1 0 0 1
0.000649 -0.000554 -0.000041 0 1 1 1 0 1 0
0.001030 -0.000726 -0.000061 0 1 1 1 0 1 1
0.006811 0.002018 -0.000206 0 1 1 1 1 0 0
0.008283 0.002900 -0.000241 0 1 1 1 1 0 1
0.002295 -0.012823 -0.000396 0 1 1 1 1 1 0
0.002902 -0.013681 -0.000442 0 1 1 1 1 1 1
0.000000 -0.000000 -0.000000 1 0 0 0 0 0 0
-0.000000 0.000000 0.000000 1 0 0 0 0 0 1
0.000000 -0.000000 -0.000000 1 0 0 0 0 1 0
-0.000000 0.000000 0.000000 1 0 0 0 0 1 1
-0.000000 0.000000 0.000000 1 0 0 0 1 0 0
0.000000 -0.000000 -0.000000 1 0 0 0 1 0 1
-0.000000 -0.000000 -0.000000 1 0 0 0 1 1 0
-0.000000 -0.000000 -0.000000 1 0 0 0 1 1 1
0.000000 -0.000000 -0.000000 1 1 0 0 0 0 0
-0.000000 0.000000 0.000000 1 1 0 0 0 0 1
-0.000000 -0.000000 -0.000000 1 1 0 0 0 1 0
0.000000 -0.000000 -0.000000 1 1 0 0 0 1 1
-0.000000 0.000000 0.000000 1 1 0 0 1 0 0
-0.000000 0.000000 0.000000 1 1 0 0 1 0 1
-0.000000 -0.000000 -0.000000 1 1 0 0 1 1 0
0.000000 -0.000000 0.000000 1 1 0 0 1 1 1
0.000000 -0.000000 -0.000000 1 0 0 1 0 0 0
-0.000000 0.000000 0.000000 1 0 0 1 0 0 1
0.000000 -0.000000 -0.000000 1 0 0 1 0 1 0
0.000000 -0.000000 -0.000000 1 0 0 1 0 1 1
-0.000000 0.000000 0.000000 1 0 0 1 1 0 0
0.000000 -0.000000 -0.000000 1 0 0 1 1 0 1
-0.000000 -0.000000 -0.000000 1 0 0 1 1 1 0
0.000000 0.000000 0.000000 1 0 0 1 1 1 1
0.000000 -0.000000 -0.000000 1 1 0 1 0 0 0
-0.000000 0.000000 0.000000 1 1 0 1 0 0 1
0.000000 -0.000000 -0.000000 1 1 0 1 0 1 0
-0.000000 0.000000 0.000000 1 1 0 1 0 1 1
-0.000000 0.000000 0.000000 1 1 0 1 1 0 0
0.000000 -0.000000 -0.000000 1 1 0 1 1 0 1
0.000000 0.000000 0.000000 1 1 0 1 1 1 0
-0.000000 -0.000000 -0.000000 1 1 0 1 1 1 1
0.000000 -0.000000 -0.000000 1 0 1 0 0 0 0
-0.000000 0.000000 0.000000 1 0 1 0 0 0 1
0.000020 -0.000040 -0.000005 1 0 1 0 0 1 0
0.000075 -0.000115 -0.000016 1 0 1 0 0 1 1
0.000621 -0.000143 -0.000066 1 0 1 0 1 0 0
0.001032 -0.000169 -0.000105 1 0 1 0 1 0 1
0.000191 -0.002442 -0.000197 1 0 1 0 1 1 0
0.000325 -0.003496 -0.000287 1 0 1 0 1 1 1
0.000000 -0.000000 -0.000000 1 1 1 0 0 0 0
-0.000000 0.000000 0.000000 1 1 1 0 0 0 1
0.000020 -0.000162 -0.000005 1 1 1 0 0 1 0
0.000075 -0.000503 -0.000016 1 1 1 0 0 1 1
0.000618 -0.001702 -0.000066 1 1 1 0 1 0 0
0.001030 -0.002621 -0.000105 1 1 1 0 1 0 1
0.000191 -0.007820 -0.000197 1 1 1 0 1 1 0
0.000325 -0.011303 -0.000287 1 1 1 0 1 1 1
0.000000 -0.000000 -0.000000 1 0 1 1 0 0 0
-0.000000 0.000000 0.000000 1 0 1 1 0 0 1
0.000340 -0.000278 -0.000054 1 0 1 1 0 1 0
0.000499 -0.000361 -0.000076 1 0 1 1 0 1 1
0.003240 0.000641 -0.000244 1 0 1 1 1 0 0
0.003790 0.000879 -0.000277 1 0 1 1 1 0 1
0.000773 -0.004698 -0.000419 1 0 1 1 1 1 0
0.000999 -0.004953 -0.000460 1 0 1 1 1 1 1
0.000000 -0.000000 -0.000000 1 1 1 1 0 0 0
-0.000000 0.000000 0.000000 1 1 1 1 0 0 1
0.000340 -0.001539 -0.000054 1 1 1 1 0 1 0
0.000499 -0.002119 -0.000076 1 1 1 1 0 1 1
0.003235 -0.004672 -0.000244 1 1 1 1 1 0 0
0.003787 -0.005073 -0.000277 1 1 1 1 1 0 1
0.000773 -0.015876 -0.000419 1 1 1 1 1 1 0
0.000999 -0.017114 -0.000460 1 1 1 1 1 1 1
-0.000000 0.000000 0.000000 2 0 0 0 0 0 0
-0.000000 0.000000 0.000000 2 0 0 0 0 0 1
0.000000 0.000000 0.000000 2 0 0 0 0 1 0
-0.000000 -0.000000 -0.000000 2 0 0 0 0 1 1
0.000000 0.000000 0.000000 2 0 0 0 1 0 0
0.000000 -0.000000 -0.000000 2 0 0 0 1 0 1
0.000000 0.000000 0.000000 2 0 0 0 1 1 0
-0.000000 -0.000000 -0.000000 2 0 0 0 1 1 1
-0.000000 0.000000 0.000000 2 1 0 0 0 0 0
-0.000000 0.000000 0.000000 2 1 0 0 0 0 1
0.000000 0.000000 0.000000 2 1 0 0 0 1 0
-0.000000 -0.000000 -0.000000 2 1 0 0 0 1 1
-0.000000 0.000000 0.000000 2 1 0 0 1 0 0
0.000000 -0.000000 -0.000000 2 1 0 0 1 0 1
0.000000 0.000000 0.000000 2 1 0 0 1 1 0
-0.000000 -0.000000 -0.000000 2 1 0 0 1 1 1
0.000000 -0.000000 -0.000000 2 0 0 1 0 0 0
0.000000 -0.000000 -0.000000 2 0 0 1 0 0 1
0.000000 0.000000 0.000000 2 0 0 1 0 1 0
0.000000 0.000000 0.000000 2 0 0 1 0 1 1
-0.000000 0.000000 0.000000 2 0 0 1 1 0 0
-0.000000 0.000000 0.000000 2 0 0 1 1 0 1
-0.000000 -0.000000 -0.000000 2 0 0 1 1 1 0
-0.000000 -0.000000 -0.000000 2 0 0 1 1 1 1
-0.000000 0.000000 0.000000 2 1 0 1 0 0 0
-0.000000 0.000000 0.000000 2 1 0 1 0 0 1
0.000000 0.000000 0.000000 2 1 0 1 0 1 0
0.000000 0.000000 0.000000 2 1 0 1 0 1 1
-0.000000 0.000000 0.000000 2 1 0 1 1 0 0
0.000000 -0.000000 -0.000000 2 1 0 1 1 0 1
0.000000 0.000000 0.000000 2 1 0 1 1 1 0
-0.000000 -0.000000 -0.000000 2 1 0 1 1 1 1
-0.000000 0.000000 0.000000 2 0 1 0 0 0 0
-0.000000 0.000000 0.000000 2 0 1 0 0 0 1
0.000022 -0.000162 -0.000015 2 0 1 0 0 1 0
0.000044 -0.000256 -0.000024 2 0 1 0 0 1 1
0.000337 -0.000721 -0.000086 2 0 1 0 1 0 0
0.000505 -0.001030 -0.000125 2 0 1 0 1 0 1
-0.000021 -0.002909 -0.000218 2 0 1 0 1 1 0
-0.000009 -0.004052 -0.000305 2 0 1 0 1 1 1
-0.000000 0.000000 0.000000 2 1 1 0 0 0 0
-0.000000 0.000000 0.000000 2 1 1 0 0 0 1
0.000022 -0.000540 -0.000015 2 1 1 0 0 1 0
0.000044 -0.000867 -0.000024 2 1 1 0 0 1 1
0.000337 -0.002881 -0.000086 2 1 1 0 1 0 0
0.000505 -0.004168 -0.000125 2 1 1 0 1 0 1
-0.000021 -0.008810 -0.000218 2 1 1 0 1 1 0
-0.000009 -0.012313 -0.000305 2 1 1 0 1 1 1
0.000000 -0.000000 -0.000000 2 0 1 1 0 0 0
0.000000 -0.000000 -0.000000 2 0 1 1 0 0 1
0.000159 -0.000627 -0.000065 2 0 1 1 0 1 0
0.000221 -0.000822 -0.000086 2 0 1 1 0 1 1
0.001493 -0.001684 -0.000269 2 0 1 1 1 0 0
0.001705 -0.001816 -0.000300 2 0 1 1 1 0 1
0.000134 -0.005553 -0.000434 2 0 1 1 1 1 0
0.000217 -0.005916 -0.000471 2 0 1 1 1 1 1
-0.000000 0.000000 0.000000 2 1 1 1 0 0 0
-0.000000 0.000000 0.000000 2 1 1 1 0 0 1
0.000159 -0.002234 -0.000065 2 1 1 1 0 1 0
0.000221 -0.002954 -0.000086 2 1 1 1 0 1 1
0.001493 -0.008175 -0.000269 2 1 1 1 1 0 0
0.001705 -0.009010 -0.000300 2 1 1 1 1 0 1
0.000134 -0.017170 -0.000434 2 1 1 1 1 1 0
0.000217 -0.018446 -0.000471 2 1 1 1 1 1 1
