0.032168 0.027350 -0.000026 0 0 0 0 0 0 0
0.032168 0.027350 -0.000026 0 0 0 0 0 0 1
0.003474 0.000002 -0.000055 0 0 0 0 0 1 0
0.003474 0.000002 -0.000055 0 0 0 0 0 1 1
0.003608 0.000248 -0.000030 0 0 0 0 1 0 0
0.003608 0.000248 -0.000030 0 0 0 0 1 0 1
0.002167 -0.000833 -0.000031 0 0 0 0 1 1 0
0.002167 -0.000833 -0.000031 0 0 0 0 1 1 1
0.032168 0.017506 -0.000026 0 1 0 0 0 0 0
0.032168 0.017506 -0.000026 0 1 0 0 0 0 1
0.003474 -0.007093 -0.000055 0 1 0 0 0 1 0
0.003474 -0.007093 -0.000055 0 1 0 0 0 1 1
0.003608 -0.006617 -0.000030 0 1 0 0 1 0 0
0.003608 -0.006617 -0.000030 0 1 0 0 1 0 1
0.002167 -0.006962 -0.000031 0 1 0 0 1 1 0
0.002167 -0.006962 -0.000031 0 1 0 0 1 1 1
0.032168 0.027350 -0.000026 0 0 0 1 0 0 0
0.032168 0.027350 -0.000026 0 0 0 1 0 0 1
0.003474 0.000002 -0.000055 0 0 0 1 0 1 0
0.003474 0.000002 -0.000055 0 0 0 1 0 1 1
0.003608 0.000248 -0.000030 0 0 0 1 1 0 0
0.003608 0.000248 -0.000030 0 0 0 1 1 0 1
0.002167 -0.000833 -0.000031 0 0 0 1 1 1 0
0.002167 -0.000833 -0.000031 0 0 0 1 1 1 1
0.032168 0.017506 -0.000026 0 1 0 1 0 0 0
0.032168 0.017506 -0.000026 0 1 0 1 0 0 1
0.003474 -0.007093 -0.000055 0 1 0 1 0 1 0
0.003474 -0.007093 -0.000055 0 1 0 1 0 1 1
0.003608 -0.006617 -0.000030 0 1 0 1 1 0 0
0.003608 -0.006617 -0.000030 0 1 0 1 1 0 1
0.002167 -0.006962 -0.000031 0 1 0 1 1 1 0
0.002167 -0.006962 -0.000031 0 1 0 1 1 1 1
0.032168 0.027350 -0.000026 0 0 1 0 0 0 0
0.032168 0.027350 -0.000026 0 0 1 0 0 0 1
0.003474 0.000002 -0.000055 0 0 1 0 0 1 0
0.003523 0.000020 -0.000058 0 0 1 0 0 1 1
0.005021 0.001170 -0.000076 0 0 1 0 1 0 0
0.006614 0.002311 -0.000121 0 0 1 0 1 0 1
0.003165 -0.002298 -0.000213 0 0 1 0 1 1 0
0.003899 -0.002869 -0.000312 0 0 1 0 1 1 1
0.032168 0.017506 -0.000026 0 1 1 0 0 0 0
0.032168 0.017506 -0.000026 0 1 1 0 0 0 1
0.003474 -0.007093 -0.000055 0 1 1 0 0 1 0
0.003517 -0.007130 -0.000057 0 1 1 0 0 1 1
0.004999 -0.006708 -0.000075 0 1 1 0 1 0 0
0.006591 -0.006494 -0.000121 0 1 1 0 1 0 1
0.003165 -0.013458 -0.000213 0 1 1 0 1 1 0
0.003899 -0.016698 -0.000312 0 1 1 0 1 1 1
0.032168 0.027350 -0.000026 0 0 1 1 0 0 0
0.032168 0.027350 -0.000026 0 0 1 1 0 0 1
0.004273 0.000460 -0.000088 0 0 1 1 0 1 0
0.004919 0.000895 -0.000110 0 0 1 1 0 1 1
0.012933 0.007657 -0.000244 0 0 1 1 1 0 0
0.015292 0.009763 -0.000282 0 0 1 1 1 0 1
0.005502 -0.002754 -0.000435 0 0 1 1 1 1 0
0.006516 -0.002299 -0.000486 0 0 1 1 1 1 1
0.032168 0.017506 -0.000026 0 1 1 1 0 0 0
0.032168 0.017506 -0.000026 0 1 1 1 0 0 1
0.004265 -0.007330 -0.000087 0 1 1 1 0 1 0
0.004910 -0.007330 -0.000110 0 1 1 1 0 1 1
0.012889 -0.003166 -0.000243 0 1 1 1 1 0 0
0.015251 -0.001574 -0.000282 0 1 1 1 1 0 1
0.005502 -0.019620 -0.000435 0 1 1 1 1 1 0
0.006515 -0.020308 -0.000486 0 1 1 1 1 1 1
0.014290 0.010592 -0.000044 1 0 0 0 0 0 0
0.014290 0.010592 -0.000044 1 0 0 0 0 0 1
0.001795 -0.001525 -0.000057 1 0 0 0 0 1 0
0.001795 -0.001525 -0.000057 1 0 0 0 0 1 1
0.001848 -0.001260 -0.000031 1 0 0 0 1 0 0
0.001848 -0.001260 -0.000031 1 0 0 0 1 0 1
0.001280 -0.001582 -0.000032 1 0 0 0 1 1 0
0.001280 -0.001582 -0.000032 1 0 0 0 1 1 1
0.014290 0.003037 -0.000044 1 1 0 0 0 0 0
0.014290 0.003037 -0.000044 1 1 0 0 0 0 1
0.001795 -0.008306 -0.000057 1 1 0 0 0 1 0
0.001795 -0.008306 -0.000057 1 1 0 0 0 1 1
0.001848 -0.007608 -0.000031 1 1 0 0 1 0 0
0.001848 -0.007608 -0.000031 1 1 0 0 1 0 1
0.001280 -0.007429 -0.000032 1 1 0 0 1 1 0
0.001280 -0.007429 -0.000032 1 1 0 0 1 1 1
0.014290 0.010592 -0.000044 1 0 0 1 0 0 0
0.014290 0.010592 -0.000044 1 0 0 1 0 0 1
0.001795 -0.001525 -0.000057 1 0 0 1 0 1 0
0.001795 -0.001525 -0.000057 1 0 0 1 0 1 1
0.001848 -0.001260 -0.000031 1 0 0 1 1 0 0
0.001848 -0.001260 -0.000031 1 0 0 1 1 0 1
0.001280 -0.001582 -0.000032 1 0 0 1 1 1 0
0.001280 -0.001582 -0.000032 1 0 0 1 1 1 1
0.014290 0.003037 -0.000044 1 1 0 1 0 0 0
0.014290 0.003037 -0.000044 1 1 0 1 0 0 1
0.001795 -0.008306 -0.000057 1 1 0 1 0 1 0
0.001795 -0.008306 -0.000057 1 1 0 1 0 1 1
0.001848 -0.007608 -0.000031 1 1 0 1 1 0 0
0.001848 -0.007608 -0.000031 1 1 0 1 1 0 1
0.001280 -0.007429 -0.000032 1 1 0 1 1 1 0
0.001280 -0.007429 -0.000032 1 1 0 1 1 1 1
0.014290 0.010592 -0.000044 1 0 1 0 0 0 0
0.014290 0.010592 -0.000044 1 0 1 0 0 0 1
0.001798 -0.001527 -0.000057 1 0 1 0 0 1 0
0.001893 -0.001588 -0.000069 1 0 1 0 0 1 1
0.002755 -0.001264 -0.000105 1 0 1 0 1 0 0
0.003422 -0.001164 -0.000152 1 0 1 0 1 0 1
0.001648 -0.004090 -0.000242 1 0 1 0 1 1 0
0.001896 -0.005140 -0.000339 1 0 1 0 1 1 1
0.014290 0.003037 -0.000044 1 1 1 0 0 0 0
0.014290 0.003037 -0.000044 1 1 1 0 0 0 1
0.001797 -0.008318 -0.000057 1 1 1 0 0 1 0
0.001892 -0.008697 -0.000069 1 1 1 0 0 1 1
0.002751 -0.009470 -0.000105 1 1 1 0 1 0 0
0.003418 -0.010534 -0.000152 1 1 1 0 1 0 1
0.001648 -0.015812 -0.000242 1 1 1 0 1 1 0
0.001896 -0.019513 -0.000339 1 1 1 0 1 1 1
0.014290 0.010592 -0.000044 1 0 1 1 0 0 0
0.014290 0.010592 -0.000044 1 0 1 1 0 0 1
0.002249 -0.001628 -0.000103 1 0 1 1 0 1 0
0.002535 -0.001624 -0.000127 1 0 1 1 0 1 1
0.006331 0.000281 -0.000286 1 0 1 1 1 0 0
0.007291 0.000855 -0.000324 1 0 1 1 1 0 1
0.002531 -0.006070 -0.000460 1 0 1 1 1 1 0
0.002933 -0.006239 -0.000507 1 0 1 1 1 1 1
0.014290 0.003037 -0.000044 1 1 1 1 0 0 0
0.014290 0.003037 -0.000044 1 1 1 1 0 0 1
0.002248 -0.009548 -0.000103 1 1 1 1 0 1 0
0.002534 -0.010120 -0.000127 1 1 1 1 0 1 1
0.006323 -0.012085 -0.000286 1 1 1 1 1 0 0
0.007284 -0.012301 -0.000324 1 1 1 1 1 0 1
0.002531 -0.023643 -0.000460 1 1 1 1 1 1 0
0.002933 -0.024978 -0.000507 1 1 1 1 1 1 1
0.005832 0.002307 -0.000053 2 0 0 0 0 0 0
0.005832 0.002307 -0.000053 2 0 0 0 0 0 1
0.001019 -0.002148 -0.000057 2 0 0 0 0 1 0
0.001019 -0.002148 -0.000057 2 0 0 0 0 1 1
0.001050 -0.001858 -0.000032 2 0 0 0 1 0 0
0.001050 -0.001858 -0.000032 2 0 0 0 1 0 1
0.000802 -0.001938 -0.000032 2 0 0 0 1 1 0
0.000802 -0.001938 -0.000032 2 0 0 0 1 1 1
0.005832 -0.004893 -0.000053 2 1 0 0 0 0 0
0.005832 -0.004893 -0.000053 2 1 0 0 0 0 1
0.001019 -0.008618 -0.000057 2 1 0 0 0 1 0
0.001019 -0.008618 -0.000057 2 1 0 0 0 1 1
0.001050 -0.007800 -0.000032 2 1 0 0 1 0 0
0.001050 -0.007800 -0.000032 2 1 0 0 1 0 1
0.000802 -0.007536 -0.000032 2 1 0 0 1 1 0
0.000802 -0.007536 -0.000032 2 1 0 0 1 1 1
0.005832 0.002307 -0.000053 2 0 0 1 0 0 0
0.005832 0.002307 -0.000053 2 0 0 1 0 0 1
0.001019 -0.002148 -0.000057 2 0 0 1 0 1 0
0.001019 -0.002148 -0.000057 2 0 0 1 0 1 1
0.001050 -0.001858 -0.000032 2 0 0 1 1 0 0
0.001050 -0.001858 -0.000032 2 0 0 1 1 0 1
0.000802 -0.001938 -0.000032 2 0 0 1 1 1 0
0.000802 -0.001938 -0.000032 2 0 0 1 1 1 1
0.005832 -0.004893 -0.000053 2 1 0 1 0 0 0
0.005832 -0.004893 -0.000053 2 1 0 1 0 0 1
0.001019 -0.008618 -0.000057 2 1 0 1 0 1 0
0.001019 -0.008618 -0.000057 2 1 0 1 0 1 1
0.001050 -0.007800 -0.000032 2 1 0 1 1 0 0
0.001050 -0.007800 -0.000032 2 1 0 1 1 0 1
0.000802 -0.007536 -0.000032 2 1 0 1 1 1 0
0.000802 -0.007536 -0.000032 2 1 0 1 1 1 1
0.005832 0.002307 -0.000053 2 0 1 0 0 0 0
0.005832 0.002307 -0.000053 2 0 1 0 0 0 1
0.001046 -0.002252 -0.000068 2 0 1 0 0 1 0
0.001086 -0.002351 -0.000078 2 0 1 0 0 1 1
0.001542 -0.002572 -0.000126 2 0 1 0 1 0 0
0.001824 -0.002901 -0.000174 2 0 1 0 1 0 1
0.000867 -0.004997 -0.000264 2 0 1 0 1 1 0
0.000929 -0.006189 -0.000358 2 0 1 0 1 1 1
0.005832 -0.004893 -0.000053 2 1 1 0 0 0 0
0.005832 -0.004893 -0.000053 2 1 1 0 0 0 1
0.001046 -0.008990 -0.000068 2 1 1 0 0 1 0
0.001086 -0.009373 -0.000078 2 1 1 0 0 1 1
0.001542 -0.010976 -0.000126 2 1 1 0 1 0 0
0.001824 -0.012553 -0.000174 2 1 1 0 1 0 1
0.000867 -0.016977 -0.000264 2 1 1 0 1 1 0
0.000929 -0.020730 -0.000358 2 1 1 0 1 1 1
0.005832 0.002307 -0.000053 2 0 1 1 0 0 0
0.005832 0.002307 -0.000053 2 0 1 1 0 0 1
0.001248 -0.002621 -0.000113 2 0 1 1 0 1 0
0.001374 -0.002813 -0.000138 2 0 1 1 0 1 1
0.003158 -0.003254 -0.000314 2 0 1 1 1 0 0
0.003562 -0.003276 -0.000350 2 0 1 1 1 0 1
0.001165 -0.007503 -0.000476 2 0 1 1 1 1 0
0.001328 -0.007879 -0.000519 2 0 1 1 1 1 1
0.005832 -0.004893 -0.000053 2 1 1 1 0 0 0
0.005832 -0.004893 -0.000053 2 1 1 1 0 0 1
0.001248 -0.010528 -0.000113 2 1 1 1 0 1 0
0.001374 -0.011367 -0.000138 2 1 1 1 0 1 1
0.003158 -0.016353 -0.000314 2 1 1 1 1 0 0
0.003561 -0.017245 -0.000350 2 1 1 1 1 0 1
0.001165 -0.025211 -0.000476 2 1 1 1 1 1 0
0.001328 -0.026689 -0.000519 2 1 1 1 1 1 1
